NAME	C1	C2	C3	C4	C5	C6	C7	C8	C9	C10	C11	C12	C13	C14	C15	C16	C17	C18	C19	C20
lon	0.03464519346582651	0.27166562760691687	0.1488580793861305	0.12218502783316121	0.19961333477469284	0.15896160853477903	0.2552932191279421	0.06507847781094477	0.30301369542586604	0.13361404158084736	0.1418216743979857	0.3921872116680445	0.3397148229943039	0.17688469853335645	0.1210305661305784	0.4064385679907417	0.09886426970686037	0.2233790802990221	0.19884710929466176	0.2591963357181446
rpoH	0.0035448600822222762	0.048186689004705296	0.0539612880707148	0.04737948226157355	0.08788106958889175	0.07697945339641026	0.11379144027216513	0.04236161551806795	0.1462805627481681	0.06034375237155295	0.06416817941249661	0.08700659482015131	0.1541571182381841	0.07800323906850547	0.03604199412620916	0.22724612170205055	0.0597498950653277	0.09390105093705858	0.06469421079455721	0.0980566393290067
mopA	0.06202518514990406	0.18199575501818957	0.14114552152771284	0.09432164081475608	0.2053911877605741	0.2399614643983826	0.3314632230249043	0.17224419470436214	0.25137377080138334	0.23671169454940053	0.12440377090738726	0.18931422296277164	0.3085316012957084	0.18687570687122285	0.062468944980432775	0.45362515699670297	0.17807544222741567	0.1200964278591168	0.19465402344681906	0.24475111603903957
htpG	0.034118926525179144	0.0666281654076874	0.0577040629711063	0.12705946693012743	0.1326016350999971	0.2696609785076185	0.18620784188725661	0.13287138196430084	0.255369071055079	0.12933077301385382	0.11648412018156591	0.13762924894531794	0.23904993577546227	0.13401362493812352	0.05821763100331004	0.2519950435060883	0.10013015673274359	0.14805683184310534	0.12387869481355394	0.21145907087579105
rpoE_rseABC	0.06015713855745659	0.14906163420461166	0.3369020044417687	0.06874448388799205	0.3315957060129034	0.06566237806773771	0.8259227309944873	0.7928903828245834	0.32554609795072176	0.33814909064172516	0.9702503737008055	0.36488533829488956	0.46685692505061877	0.09290753622343609	0.04164878543294273	0.5299103238237297	0.941867650037209	0.41545328333571313	0.5437987179592166	0.636456672186028
ibpAB	0.013547986137418843	0.16925214582423825	0.07964735327507835	0.07080274283384724	0.2674894395439285	0.26776434914268515	0.27858360780576086	0.1690103320600816	0.35294688201037305	0.16861146563084378	0.18392393065973858	0.17194433844686632	0.3008907721300597	0.20241765996710917	0.06399798504579148	0.38460117251447407	0.13267343600331666	0.21394902536726304	0.14905923562291895	0.2656240339364707
ecfABC	0.10682463922379033	0.3155361889604058	0.5741709000379254	0.2724209355662927	0.5703573846698242	0.24247198707754355	0.9231244229117108	0.9254677509520498	0.6284216462268658	0.5598329651924491	0.9900825957022529	0.6949208635588148	0.7232882309358445	0.398608218320674	0.05901012836536731	0.8003467948033266	0.9811723655955182	0.6536834053760215	0.7947015731817496	0.8429665004316294
ecfH	0.13368478504217943	0.19999926162585713	0.5950703504317888	0.20822416935155613	0.6231018177988756	0.15546105433319038	0.9033233682898313	0.9122077509029005	0.6488647700442216	0.49945967168698435	0.9905896214567819	0.6028514168373108	0.7111178869080018	0.26967601801895313	0.09458580782513694	0.7161399766397251	0.982834743034142	0.6049230439671264	0.7931638843665324	0.8360483082636737
fkpA	0.15886228187966017	0.2575012377201459	0.6737706690980849	0.15035228565644	0.5928815698817775	0.22173632061068785	0.9200484780521739	0.9269155802416787	0.6015772031750909	0.5088575897177952	0.9886634543195122	0.6015324172880004	0.7612640598980164	0.2827744711682688	0.06442626348196184	0.7904541588718458	0.9808485091914954	0.6273294369565073	0.7705566722517626	0.7951971072887678
crp	0.907312426086855	0.4311874550305872	0.9291054196447028	0.762208555863968	0.17352216037667179	0.2601037760125497	0.5235176605639354	0.7007496964065256	0.2262106344168185	0.4329537397530445	0.9720775385330328	0.8884151095939817	0.3714657011346777	0.6099231156968945	0.7037569514161712	0.21188988159828187	0.47356672671717026	0.8158202695019091	0.7722712509903461	0.2783215842962131
araE	0.7556567798569024	0.4913744483711262	0.754024623514469	0.6540047433132115	0.3471970633233584	0.46167943957256025	0.5860634028131515	0.668782151586822	0.43420956100789027	0.5398618937282534	0.764613333938253	0.6903152867443444	0.4717002552824398	0.6052883314212109	0.6656073307795368	0.28190076422922905	0.6446871072830578	0.7646423285347781	0.6921642856088303	0.4401501565574254
xprB_dsbC_recJ	0.42623387196534196	0.3075739750929122	0.7583133504020754	0.32572200843859106	0.7153707773490399	0.4712034476661545	0.7131759320509874	0.7812895046622486	0.6153100721805727	0.5697914848091302	0.8755990711859677	0.7241292926372533	0.8358109369008697	0.5242173371194384	0.2638113217168563	0.6123007911693977	0.9781788824089874	0.728723560747088	0.8295955746527047	0.9007180212263493
lpxDA_fabZ	0.1415118665408132	0.2719392816486655	0.5725475042685708	0.12277786545578523	0.5918377124527698	0.17021187394073917	0.9258926524299053	0.9103396353329748	0.5454684890498991	0.6359133679648036	0.9898167221482439	0.6874945844287413	0.7273205822093118	0.2778860224404396	0.0669218637135152	0.7296951408118172	0.9786923740334406	0.7632928947117479	0.7418980791808686	0.8255882805470942
ppiA	0.5860420576711346	0.5536621193821074	0.7197831064170878	0.8403227176242068	0.3492831060408216	0.48995634001806143	0.35363564832537897	0.42593496949631005	0.31232270606483153	0.4704791912720483	0.5321264195859692	0.7302203631997335	0.3530531299671318	0.689054955012793	0.8820105098459103	0.24824933109573855	0.4158136899347787	0.6612384104332986	0.5582817362780081	0.3659686835901544
dnaA	0.5220502967774181	0.6666793472492114	0.40136679830338906	0.40372693629723505	0.995164508563019	0.3315964906286067	0.5839612564953697	0.7604079860821122	0.4400511351599856	0.9119369839660149	0.37109772764290255	0.1324031562918899	0.4724425441605542	0.38509301319946826	0.888698022382685	0.21852886291096632	0.749377699564632	0.3395729989114443	0.3641548939604883	0.862374337401084
ptsHI_crr	0.5692179030889657	0.3068068621693233	0.43319305164132405	0.4526022558194872	0.24237114858350695	0.280820326343997	0.3456705303434712	0.32001475160225507	0.15887141477223798	0.4014939636413263	0.43067761470751775	0.6618770814304826	0.35849831526283915	0.4741492527500562	0.5401482827444892	0.20135840624817936	0.23226345378698168	0.5260229555748398	0.525995563117617	0.2745706714803416
cirA	0.5808327219836292	0.25316134875108637	0.640642137572165	0.5955608402386914	0.2684490638051309	0.205339839390148	0.4427218980086056	0.49910663041508124	0.313792598182645	0.5236209387576528	0.7086789193725648	0.6461965125583076	0.3748181384133814	0.5607554304334654	0.6111204038650941	0.26388167168914245	0.39426866855654674	0.5975751749657452	0.6442140361790316	0.3571212979090461
cyaA	0.016936917541261035	0.3208994394128	0.026664587983887485	0.05067092059281054	0.5521478912981569	0.46764436286189853	0.13474372046062516	0.23929177949842886	0.4065691462931574	0.2931945976801806	0.007836459111061553	0.026646128047267872	0.19439035494488438	0.11813655288524384	0.030050040787487044	0.46140872222298024	0.2289155715378302	0.07442719588310408	0.08022095222633699	0.3278968904712623
speC	0.25612400488918663	0.9845488246347269	0.14215043114337061	0.5415816431753033	0.9992990937534574	0.9972079505131636	0.9277610521029025	0.7720404985568425	0.9982818318335661	0.9525186308375794	0.07423838393030376	0.32610581851207837	0.9797441541035862	0.7730096542168355	0.5166978289648934	0.9992483124203185	0.9462958451009503	0.48444058147645713	0.48893397081364903	0.9941748916576804
araBAD	0.8390325150083026	0.4977140152014481	0.8445702967000303	0.7335664353664813	0.34675608600166713	0.45385976040006065	0.6895482610588927	0.6963401680908439	0.43751883625969656	0.5467927581443157	0.8449148216800058	0.7989066815344409	0.46246355039632353	0.6428809760527029	0.7306431816040102	0.309394570256801	0.5139053172726209	0.7796399901631117	0.7523933150234735	0.4247074147823929
clpP	0.007478929746105563	0.04664089165531835	0.06821862191034447	0.04410043603549884	0.11463060416261507	0.19009352196833057	0.1642533868634979	0.15268669791766273	0.3432300462223965	0.1183736836204749	0.10856087369705847	0.12549227868399856	0.15388202721319694	0.07952927967524373	0.05253287351055966	0.3569346068819745	0.08585582859540809	0.19648985419712206	0.14661010781348624	0.24442493190708545
nagBACD	0.6728768212391039	0.4553096642295139	0.706154919143707	0.6249068034906496	0.2129227295400392	0.4366538235212531	0.4269207115595256	0.5637437024827155	0.2186213137101872	0.49172493931867184	0.7044122675827691	0.6930948445656234	0.44284500790950965	0.5829076493129831	0.6395606964308931	0.27102331071168395	0.4872598590867983	0.6828454944704653	0.7222059950484185	0.41645974833675276
araJ	0.8397325174258148	0.6041610519886417	0.8736620644724046	0.8420534709156925	0.5516323806058556	0.550530543299333	0.6754492295728354	0.7750551845044348	0.6090865431179532	0.6532312832005157	0.8926298694171586	0.8043884965644429	0.664854906904215	0.8142261249142623	0.8782887145198541	0.4506917114161003	0.7531054065192361	0.8139711690849304	0.828563133207326	0.5293026915007292
nupG	0.09425040781598157	0.3224191081776574	0.08166869305974413	0.3070191689718792	0.2776002021404122	0.5878779568877059	0.146850185321903	0.13218388627313757	0.4794157868127164	0.1873494305680805	0.08405876458882912	0.2725881409157599	0.19656693694375987	0.20985182627395235	0.4155023840352647	0.4509252134729413	0.06965877554154645	0.07290750625184744	0.31705038151649256	0.1447970232589931
ecfK	0.09826297137664682	0.20688506622374336	0.6158421550533005	0.09640368255643862	0.5344470058243521	0.1328738977919485	0.9187745118013838	0.9219783272629988	0.5990478363841998	0.4844711728636901	0.9885049115329158	0.6477199999280474	0.6598749811041709	0.32639041452135675	0.03246345132049384	0.6983232792972751	0.9767544926940935	0.4756191458473631	0.7587004613890951	0.761653660203154
fur	0.7249425623123944	0.4911811336908796	0.7792362000598255	0.684065419717938	0.2880237739248908	0.4462388809248689	0.5326726262845823	0.6864014652107913	0.4374677330166394	0.5917066424463189	0.81175875818101	0.7836260706309783	0.5115281853249782	0.6342905416231446	0.675718538522166	0.4497955153822221	0.6371539601356622	0.7263378270505801	0.7342127742933577	0.42705083511002245
yhfA	0.023550532034916638	0.42901230697728504	0.021000432524084577	0.1437255848263853	0.6650501493871731	0.5281231876949366	0.3275149722257696	0.16435361365674742	0.6041672335181751	0.3370826158225393	0.010646663771944172	0.03215729490525238	0.3221666549863265	0.21575301974977404	0.049660012424660914	0.591936413793403	0.27513425620840865	0.07467391201771661	0.11941955289476319	0.45762108365398246
srlAEBD_gutM_srlR_gutQ	0.3680136022710865	0.3281714196825477	0.450967389272516	0.38253426346257136	0.23207879019280428	0.20168400842963152	0.30214173930781857	0.38011878473849425	0.29953929667938056	0.41698616047929804	0.4023991590382207	0.46715923057320663	0.2528451427986167	0.3873462258153222	0.35333833733053477	0.23886959980365488	0.30284636929647407	0.4613769294509733	0.3718935363625057	0.20287851806857587
fucPIKUR	0.9797586704460037	0.8015704403580575	0.9885972487419123	0.9454264471773968	0.7177945201787276	0.7205825437283149	0.8724217252001496	0.8987632643850975	0.6500447163356343	0.822148320799151	0.9939703049790309	0.9735414817569371	0.7675025035735946	0.9250390508605442	0.9487932544217281	0.6636219857609783	0.855831742075083	0.9634509964503376	0.9508855669072032	0.7809407893331638
mopB	0.03880705952305914	0.13148124181599016	0.11408914835637346	0.18336092454543776	0.19137540014535234	0.21177112156851316	0.1580959833341894	0.17501291647848108	0.3974206268844143	0.11660755989390872	0.21881408040458536	0.1694587583394407	0.3051359312367922	0.20171037197842098	0.060439002972901196	0.46452756859348515	0.1506548652707012	0.2572155614807005	0.24739324146214267	0.24963176422413605
mglBAC	0.7180075281314556	0.327656453611668	0.7007306447548689	0.5656814425543432	0.26923278068764517	0.37288102340759705	0.4614361533071568	0.6469650618227717	0.29446542812672205	0.45287710805333237	0.7629815433722542	0.6647190027066062	0.35393773132873135	0.5870923670382439	0.577815541354489	0.2898976442737123	0.5387737921194166	0.6582161792908181	0.6554496449612978	0.2624945722011825
malK_lamB_malM	0.9572765901346836	0.6109385085657119	0.934332282035367	0.8954567070495106	0.34936487106447256	0.46540643282757455	0.6264072073610226	0.7877298940311613	0.3438231838796241	0.6097973726163851	0.9192473359631459	0.9173365211534651	0.5984426199708801	0.7753639917245699	0.8885809480524726	0.3424117845236585	0.6188229682993117	0.8700922668488469	0.8507058654280558	0.4821256142511468
uppS_cdsA_ecfE	0.14076263809509848	0.2445712693272805	0.4780147950457705	0.098866879767449	0.4741520643973204	0.18749035811058223	0.8994036624110384	0.9061666361787708	0.5335316276898852	0.41203922223927103	0.9865753401966948	0.5240839996004751	0.6966247285914211	0.21509346951872035	0.039115078482139916	0.7096654369358506	0.9710523443540136	0.5615683188620697	0.7501116018051537	0.7507128129202856
fecIR	0.2420944806112086	0.3890543227174783	0.08778314997417895	0.19099351813778792	0.49079983129238336	0.36097004502599356	0.3184417029815691	0.277915538437713	0.344938758211468	0.3462189480242319	0.11963441908183958	0.20180191809314113	0.21440277635962968	0.14644869322298548	0.24430610421117988	0.3643112286269811	0.26227157078856683	0.09712193701919022	0.20149819817369288	0.36887633110817963
sodA	0.0652197095030734	0.06639418208093237	0.03343784144693167	0.03592908059219143	0.11657902638718197	0.09902579766140421	0.31319705217017946	0.1030955727582817	0.17909286872978153	0.0661992357065431	0.09309500743248424	0.03298763785366516	0.17775306200026023	0.05481342191265194	0.13777446310292343	0.06598557022719603	0.16041790249839546	0.10396853274232884	0.1483613746467344	0.07497955220648041
tnaLAB	0.9732172978230503	0.6528266506367434	0.9733055653505351	0.9068581626304759	0.42661508835784917	0.4783951102218691	0.7659254908596435	0.8517358428250804	0.5110899229171465	0.7427864581508005	0.9894177008852448	0.9632333331083837	0.6625459384907065	0.8394982948336922	0.9106007494434719	0.36143968904847656	0.72960137368565	0.9379785531510118	0.9370873523960505	0.6583026893028145
deoCABD	0.23615231077832982	0.23154126741760864	0.17080531592004353	0.408890992649865	0.1349543432979464	0.28068917982785757	0.14929589937233959	0.22341118146804778	0.309966815312084	0.23184286509564578	0.13172223627436494	0.40605217128970583	0.128141349253511	0.2494597452801409	0.5361613129981794	0.1786617406712857	0.07768049055586991	0.1445687262102863	0.35989315460761184	0.1039929137708811
fepB	0.13361633140306872	0.4355752106492661	0.1859720344672026	0.17832951130042918	0.4878008331863999	0.5150195412127164	0.2679460908269446	0.14456690531427938	0.3730663298338051	0.27932195537026294	0.12012433250578862	0.10881362260745872	0.20417278168057718	0.15010190995540784	0.21938529844823068	0.3482752207266941	0.19758676660784738	0.1609538433918982	0.20120263503843872	0.43133884429459834
glgS	0.9548633956424217	0.47307341342669834	0.9724972175652438	0.8523401673023405	0.3888479864384904	0.4422365286286114	0.7301700206836291	0.8001938270257052	0.3767402471712501	0.6327404737395316	0.9864456103689444	0.9329396889063717	0.6099767355768672	0.7905893242766926	0.8997572708420792	0.36851191822755064	0.6634009978801804	0.9042199372915293	0.8776383476738204	0.43771343879881663
htrA	0.5612262035446431	0.3657718189492294	0.8220280668611033	0.45728346889077703	0.8172418494105849	0.5584011174720708	0.8343641567293938	0.813372969249954	0.7015730140145464	0.6954139145099949	0.9148680618023262	0.8440251127652252	0.855140224460027	0.7018317665277839	0.43203538337027	0.8167822547721961	0.9754118090547823	0.7208923165148367	0.8926224160430952	0.9279117731671929
acs	0.6237663204320207	0.18339746222602746	0.29706560523016445	0.4425729923391083	0.3217936896231023	0.6732122896963484	0.26251160282374125	0.46529232790516367	0.5396381117765536	0.3557004099808332	0.39457817452762134	0.7586406687901514	0.4323119986869026	0.4760156154834286	0.5131727852285888	0.44051961626162117	0.2875629304396493	0.42615712337101996	0.7848028926264967	0.48803940600636886
ebgAC	0.5480804489563638	0.3128324936105001	0.9535429031835909	0.7546521075820244	0.338614641152883	0.36654290540935935	0.3922785156205265	0.35831192847094606	0.23642782113403368	0.2691452802998286	0.5925850324111335	0.833029068107901	0.34859569432539456	0.503826461264635	0.42378236187544904	0.15817788055239254	0.3093745792043673	0.8464474398663623	0.5547999986113571	0.39142776321287176
araC	0.5590357103228017	0.45670337286145146	0.40400578135544485	0.4969490216660253	0.2609817390962208	0.3161997515835899	0.5439233354659151	0.4903639710968977	0.2924745819068065	0.40404899375179565	0.521413646661117	0.5997119990342411	0.4097402806709319	0.4139555708671156	0.4750627449078061	0.40059618179888845	0.4510689403914239	0.4725955176354136	0.534858091286229	0.4572279318847348
ansB	0.9592348707974483	0.8273644411421318	0.885746897844043	0.9475016671259473	0.6671938011609666	0.7711296927816901	0.5892954809536023	0.5391934419764458	0.6364015891675364	0.7239758219480711	0.4640673661067553	0.9109116494701572	0.6240177479578674	0.8842772679157979	0.9372060626396786	0.5770211869008272	0.4255166261229569	0.8528401836257945	0.7956946410448652	0.5799624503672236
fnr	0.8950112246944787	0.8704649615663039	0.6327196929484422	0.9429243603291089	0.6998700798774917	0.9218687565880296	0.2060395871693497	0.25577643210261436	0.6295900440617036	0.6651462177466431	0.035628076683027185	0.689526957728442	0.4568261363143794	0.8166991780663996	0.9750426955051834	0.5515677779896948	0.05323326297329611	0.549771598026726	0.4221377956437407	0.40307601327475717
himA	0.28480619855917066	0.3675402929439833	0.5019520876974247	0.7907543651502802	0.41949849214718904	0.29278123013568386	0.16321842792934366	0.8988236810818755	0.020404454075756025	0.888449580709008	0.5393634119470427	0.7873676397317281	0.14420443341140604	0.6318451142647529	0.08187736038225009	0.9481976136059141	0.6497327494369386	0.4538902044711666	0.5710973115735054	0.9433561482018954
cytR	0.9442551315549809	0.1467615234349791	0.4091429943224223	0.04231606253877019	0.3059167775451972	0.09560502799368698	0.800375323667993	0.8393150614602638	0.42323708524247944	0.3225100615026449	0.9739647991644422	0.3558694061190947	0.6345672407663412	0.24499954225598777	0.03380302614735244	0.48616563244768635	0.9494676637787864	0.4005186091497637	0.5660902616759014	0.5208982176083204
narK	0.7599163143335512	0.8140738669922276	0.7952538473405917	0.7654929100847977	0.5370593605216357	0.6907938281612853	0.5355360690303009	0.5727953697331656	0.6553640058965896	0.8929974780175938	0.5170288051245086	0.898261883029078	0.34130874918665727	0.8658344613157911	0.7216137488528943	0.8091996163129288	0.5630882566937312	0.7711465131084346	0.6919903409797122	0.8450558204119687
gntKU	0.5618788584164053	0.2941606087966868	0.46454600621641395	0.5623072042765377	0.17126358805014402	0.24991228386834613	0.5242920210870965	0.802066770583966	0.32728379558214726	0.6183589012788965	0.7574270226442175	0.5750416913172667	0.4414613960470175	0.7581273800457603	0.8652383596685278	0.27597617485876136	0.649201443936987	0.5107430122198492	0.679081806685268	0.20162039667273474
ivbL_ilvBN	0.9692201881068413	0.7113122683861012	0.9790068176693174	0.9227712126225072	0.4829372456285133	0.6032693460003252	0.7757754714692994	0.8958445621657252	0.5448633815051276	0.7263794064869598	0.9918146226589675	0.9606980392320756	0.735989114878094	0.8648520703089163	0.9035427645782866	0.5118334941309237	0.8299024812934965	0.9383406327181953	0.9259738162384793	0.5928793970385006
icdA	0.07026519826396732	0.11578894983641864	0.2682527229857011	0.15334896720385124	0.0630967665037868	0.17572366794397234	0.04709276617876388	0.2706111282159673	0.1527710893005766	0.15234702127518024	0.38037095939486243	0.010115253750629279	0.06253688530141166	0.1141250087108198	0.13369594669158658	0.12578449425940003	0.49569793397164996	0.1671664589648817	0.041677649933674836	0.13692918260525386
hflB	0.028441993711008598	0.1323779794573474	0.1434841829446492	0.16978437035166324	0.18232611628021198	0.2932526510456515	0.1833805135424005	0.13765672224228837	0.27871978673767234	0.16813161711508293	0.2018116921894896	0.19228115930598666	0.24633620912942733	0.22981545804354536	0.11419534270851751	0.44137101667945877	0.21590146543032024	0.16514869976263652	0.19610119617461946	0.26279509769440285
arcA	0.9724726060164944	0.9381112751508147	0.8257156669778207	0.9733089960720924	0.8281781323250085	0.9703608463883171	0.4114782956259356	0.28492156296398913	0.8204818803203269	0.851759074008042	0.04934537775613673	0.8689088250363491	0.6919142668319244	0.9223408747440998	0.9921627063259233	0.7496818480531908	0.08961407899472867	0.8011210454573018	0.7264536279689017	0.6098681872970099
fhuACDB	0.09451076727949928	0.35653449724481784	0.10816789952072356	0.11016504153180666	0.3748171905645061	0.257842192611429	0.15163966593771153	0.1257250462144583	0.2818577448297966	0.18619527405116326	0.11436056940985798	0.10320609514846601	0.21825567201340546	0.17707953398150086	0.12410045386365255	0.32672360541985146	0.19884759928628756	0.149662433832361	0.07989393577727208	0.3324592992591153
frdABCD	0.674169011359195	0.6180414462396482	0.45166165942327435	0.8320701264308765	0.7435373180185806	0.6405608038745074	0.5154646167013949	0.5709899743631833	0.5036031195395442	0.6519975487428047	0.453257902379244	0.44208099858207395	0.6754875637934595	0.5168220365554076	0.5261382389893546	0.7177552639116574	0.2794786984710711	0.689175691306544	0.5914621590673388	0.38093326075835926
ecfD	0.17642795073303397	0.2690463292448047	0.6535629003749407	0.19762962106867332	0.5712231220133385	0.16831121373138594	0.902694156692336	0.9115328384496498	0.5781821009614574	0.619457872413118	0.9913309297853313	0.49731329340124153	0.750988777968029	0.38715259501575033	0.07409961867404657	0.7501280542432816	0.9818325701530324	0.6624497708557442	0.7774292979969746	0.8156983143097503
malEFG	0.958109137834387	0.592725930777225	0.9423029626810869	0.9162756515259307	0.3931799678578453	0.5165991297377343	0.7101368999549496	0.8280385188412923	0.5173857580893964	0.7180294554393686	0.9042037808953889	0.9260884613169	0.5778358704749468	0.8217056608239154	0.8960752894795484	0.37487109958516635	0.7124481254604187	0.8745948101764999	0.8703062714452654	0.5117290598469055
narL	0.5183785806783489	0.6102082936742802	0.492693258432807	0.17694250231399147	0.02367781105709757	0.15960752810378573	0.5698467052418655	0.16212095604018928	0.99133267908334	0.49033681477515517	0.5378237051239567	0.5509865732744056	0.056622085641986335	0.6186180233193906	0.963614092231069	0.39113581920819096	0.36076125571345435	0.310298953770623	0.32915971599658556	0.7391522239456192
appY	0.923539118211461	0.47581571222919944	0.925568272252833	0.4469047446998368	0.7876164622383146	0.9309475725747769	0.2293143655003668	0.27977730956485947	0.5089439769713562	0.4831647924772497	0.25748341342815384	0.9019982927886084	0.7394456957313698	0.8725773772017058	0.4767790185441464	0.45385274629466205	0.39176538897734714	0.670578366307474	0.72897973588625	0.7796164112743762
dcuB_fumB	0.15547515991952526	0.18306955538345207	0.07657129995139487	0.31250604800882814	0.5960828734010785	0.44266116102908093	0.18456501386470883	0.293509678547097	0.13919754033659812	0.2278051553708378	0.05857934751964818	0.1073127614188243	0.33659279709961787	0.25135763693889146	0.128940996155662	0.3051176239489964	0.030490905158967414	0.19598388676354922	0.12410411034208804	0.21739971346917927
focA_pflB	0.44935753201964407	0.4643714172531785	0.5470576637525139	0.7715471051414798	0.7062084461684687	0.6538101076237368	0.32468764932440375	0.5237435453802307	0.19456141984819855	0.5833216252558834	0.2308974197101731	0.5054790390669315	0.56208534355691	0.4900222684161062	0.25402714301322515	0.5328335049187801	0.2725299843053182	0.5682121179735392	0.5938286523412072	0.413163590622678
ecfG	0.1075704233218832	0.2563596965034558	0.4920823250678487	0.14624595279149524	0.4933720807716788	0.12558675871878575	0.9039918163301189	0.8890755099108756	0.6298299230080557	0.526595172805317	0.9854311553176108	0.5274461136123948	0.7524068065850104	0.26161458494585443	0.16955508034029587	0.7626080483122034	0.9708135508079228	0.64564010890944	0.7694328978632662	0.8378987942075468
melAB	0.9641559441659139	0.5728807107262641	0.9674281353205958	0.9071456018553345	0.3769214940801234	0.5141107349410031	0.7484017143604056	0.8746435367235873	0.5189520045799445	0.5765397740572014	0.9860377930747957	0.9555967054101212	0.607143877483783	0.8269579725441527	0.8828117638231191	0.42970466962661874	0.6818123535464939	0.8933828323733679	0.9101476843848831	0.4892318070657951
tdcABCDEFG	0.8248926029184179	0.7623493932277671	0.7268167921848139	0.8568349703467281	0.5853341729258986	0.6859210356479408	0.5570377540016502	0.8264702131167208	0.617514651914037	0.8059528399287713	0.6741828895097586	0.8092658442285072	0.5608694704936994	0.7838278649992161	0.7970739015982692	0.7279646513243004	0.6737664013785074	0.8405806328305131	0.6985360758405205	0.7583948579069775
gltA	0.6491019480905936	0.27603287327834874	0.6822398436617314	0.5966027053011425	0.19890011330155988	0.23771513984718823	0.6367522285049257	0.6527441465121246	0.3032299406798698	0.32210636248373037	0.9505562625849213	0.6135742506835958	0.4574262487149231	0.48572986484660713	0.5559335911079393	0.3005609991566914	0.6624655623025866	0.6319800718757675	0.7243662631076385	0.35828206435199317
fixABCX	0.8109524010812903	0.5609578717351874	0.6358013485998115	0.6730620730555771	0.6277437359873478	0.33868867971952255	0.5701050891144114	0.6527402679555482	0.2964952344602262	0.6503972997604147	0.5936037963759485	0.6111528372589796	0.5603488290707525	0.5349905844943922	0.6270229706148355	0.34238882254263775	0.6004013329376526	0.6151924327750853	0.6236126991556814	0.46140217753158475
hypABCDE	0.6797027058207563	0.7435855071613954	0.8194718298779039	0.9505861696664976	0.8510293393238538	0.8463156286679325	0.5456382004457768	0.7442397258973419	0.3026827093864365	0.8860265940457255	0.5544626732593059	0.855839738669635	0.6705737115832178	0.8151253544636647	0.34939530743421693	0.8911837220447779	0.5544760618325549	0.8122512503923259	0.7911360873449242	0.695044699193132
fucAO	0.9663079024461563	0.6960005008682317	0.971414952162542	0.9282842115796927	0.5513147325239377	0.5969475481974622	0.7856715911344366	0.8306303604969993	0.5190313187329273	0.6989563046386587	0.9886477810315112	0.9607389735211253	0.7316666982447063	0.8539016732127918	0.9104518411874318	0.48468213067583293	0.7934557278400144	0.9372999143054359	0.9035260517444325	0.6351404433392656
nuoABCEFGHIJKLMN	0.12334430064490015	0.1987261169054022	0.15087209133240242	0.034973156070685324	0.005949768642589091	0.07569648088699639	0.38396381116816364	0.11433917500929419	0.300322517084876	0.11155354686868017	0.45599498208796163	0.1042879321358811	0.0697097921693774	0.13441325442278343	0.22234630653158927	0.04599315102853632	0.29100105561287354	0.15647650039723757	0.12685753204182512	0.17890501158010222
aceBAK	0.1413119748033101	0.05288458797303416	0.06392527670316288	0.12360161250394973	0.1228931854439848	0.08882122924480983	0.19234294988013317	0.3466190877321805	0.015578964728752144	0.25028600062493683	0.4108727444807241	0.49344907591834397	0.12580066735233159	0.16100049781863854	0.04543066563850036	0.34421026675141736	0.18825294872004195	0.15817181984362666	0.32782772199972426	0.2872087022515994
caiTABCDE	0.7109179168656105	0.4749603574361857	0.3642951291473889	0.4993087102404941	0.5006016773789796	0.30608590520144147	0.5145145807630261	0.3443624961333659	0.45250033521612937	0.35675119663417004	0.46497477688163014	0.3326068014886568	0.529626716936007	0.3526214775756613	0.5951944457177878	0.10656419236833371	0.4801963977839455	0.5010912773198596	0.40662413662677455	0.2837601013857423
malT	0.8603584689149414	0.5851928653640953	0.8145654203557551	0.9023375316935054	0.28003283154007935	0.40978131521025807	0.5649582693793245	0.5337748806309793	0.47271719155487885	0.4798165094490215	0.7160357122240341	0.8213675288179866	0.47468429505876747	0.7011804268719942	0.8688017612781654	0.2801066076022766	0.4826459890819767	0.7477335581263599	0.6783278257106552	0.4359867849473983
nrfABCDEFG	0.7961857340392926	0.8595101603021602	0.759264595465979	0.3968214019393875	0.12094316499041248	0.2754512504195251	0.8148804604470474	0.5453535221028553	0.9977600639077517	0.7452504427649495	0.8481153908527551	0.8492804089124514	0.1624558995135593	0.8353909227599778	0.9883613237617055	0.6679552626896017	0.6300319808752664	0.704072126916171	0.6649014041335325	0.9108644320198119
tsx	0.32576688017486033	0.2652465378889465	0.31617693315346784	0.48608912915579333	0.09500234227534009	0.40641161107515644	0.16065189128346063	0.1996976092962567	0.2994396524040344	0.36117259568030685	0.2608047312066131	0.47609691106202723	0.10500317700876324	0.2831563472573176	0.5724524823404863	0.09714605297320661	0.18994646537658819	0.32373550555611635	0.5379505006194403	0.20967266729519746
gntT	0.38655716821298325	0.2952079729480035	0.3852082551475017	0.3321972550954471	0.20406928165082758	0.1889668839392262	0.43074669775192603	0.8324200408617852	0.39448156650237665	0.7185715173436505	0.643621826453238	0.3636640846985479	0.2912674967224053	0.8262874189498721	0.7807687481943641	0.30752158335380575	0.6415502482612296	0.39750643808199315	0.5642424583977677	0.31705430501067033
cydAB	0.4147178364366096	0.3519513585046433	0.4086905064842592	0.39402637294730847	0.43227834590916864	0.343165088341692	0.3840765487673236	0.34655073239793227	0.324873525009626	0.38882329020515294	0.13980437669532805	0.4216606589311729	0.433420531871445	0.4453998752138341	0.3303852875747171	0.38651733223230006	0.20332013448886038	0.5584791283373173	0.5606284538332147	0.38762613293392956
manXYZ	0.2551786139727398	0.26306057932999044	0.2484128433038145	0.33358884166611186	0.1731883400129087	0.23762519101882598	0.17799127114342536	0.14451436812191948	0.24852974457350013	0.2687225891327618	0.11023798833863195	0.22841637172190643	0.15785811474835781	0.2725681519398828	0.36383289138733726	0.22239372199135082	0.15277114855086962	0.17581046917189924	0.08314235508665986	0.14014864994660695
appCBA	0.9723501224797314	0.8137951114287467	0.9320190470341906	0.7966123542144549	0.8925802299129572	0.973490686253617	0.5499170152240754	0.5390964017738855	0.8054889288510042	0.8158131401806933	0.25340623226779735	0.9336229956467345	0.8595969396070959	0.9481021898680906	0.809025521553684	0.8106899932739108	0.5063822620241116	0.8406398083822255	0.8661370294728639	0.8521442877257273
ompC	0.46958828641540773	0.27126188412472635	0.3598977741294303	0.2338234215687188	0.3473836177621302	0.4600772085203464	0.4330866336227147	0.06281837267046173	0.26671244570952835	0.17359705500386355	0.1620005380265277	0.2604129753077622	0.4693497092752876	0.20724777971942882	0.38528725434802125	0.31523049269380354	0.30320244973412164	0.247197465309996	0.27940227178275656	0.17410649508330003
yjdHG	0.7577540457520122	0.9010421613292791	0.10593101016116356	0.7159784158099165	0.4053950366279279	0.194936203518454	0.9062520590782287	0.8159110706004857	0.7573097462769527	0.7532723932770793	0.6580650849880707	0.12486819440600046	0.3956058853629553	0.25076822884057987	0.7659929626444126	0.8532209373812408	0.18037212778524586	0.6719226928467995	0.4588356097711322	0.1482361208325858
cpxAR	0.9274876027875106	0.2685033533827661	0.9720913482911973	0.4400414323113348	0.8060196907926543	0.9232076771526719	0.3703705709178853	0.4871683389810754	0.6231783898447065	0.48214082650589146	0.6896300683068322	0.9531452300661818	0.8046432104451623	0.9058080442386158	0.4347982961629697	0.48620583565787967	0.9435001915742643	0.681802872938071	0.8069226875300732	0.9574207158239247
htpY	0.02460226849363782	0.16924470310315493	0.09454200379586847	0.09304768443020764	0.3010497469487414	0.3620610769675537	0.18225294471391668	0.2269866080230713	0.3642580192612158	0.1931756536173494	0.16055616726942018	0.30682322428947023	0.33424274881169835	0.1977973009220868	0.051144259891293946	0.46931786732301034	0.1738002513831661	0.16885908323842275	0.17737347160756015	0.15800762664174828
malI	0.19581179761885764	0.3327061307773595	0.25639102574091704	0.21246155719738588	0.2454570047648115	0.25169212320152673	0.2546720126786876	0.2813868522444909	0.3546617864475599	0.35286567453904644	0.21834657391294138	0.3113633769050349	0.29394979334779486	0.25141610732297975	0.2312238208726002	0.43361478750720583	0.3354007403570739	0.26207125640232326	0.2161664860747789	0.5053757080495299
dnaKJ	0.04320001042155394	0.22215190466443518	0.1896070463774189	0.21130761120486932	0.30176070186712745	0.255603838556152	0.2553749338386153	0.18721916005175374	0.39727210640162797	0.22280689323746053	0.23473743147437243	0.22264264432432612	0.30837819750933215	0.19442523794797323	0.12054766058182581	0.42900391470889787	0.12556448934212983	0.23411188229145413	0.14451810248428978	0.23126643827793825
malS	0.9284409231719652	0.5415836460710479	0.9226707124954042	0.8808683202547339	0.2570057880143733	0.4747929395883981	0.5790890817544745	0.6678817856977594	0.37702965682154316	0.6140928579162879	0.8664081969888008	0.8754076247488668	0.4917099890639856	0.7280390190197789	0.8841337583109304	0.24969213284659963	0.5842880301045121	0.8507736123030932	0.7982710281310016	0.36280367696308646
grpE	1,68E+08	2,13E+09	2,14E+08	2,53E+10	3,86E+10	3,34E+11	4,11E+10	3,57E+10	0.001292827334152534	5,73E+09	2,18E+10	4,58E+09	8,50E+10	2,47E+11	4,19E+06	0.005892709059420652	7,06E+08	2,91E+11	1,59E+10	2,22E+12
deoR	0.1043263439926988	0.9938518540182163	0.9821353077433268	0.6814323207202259	0.9287175392034974	0.30650328660507314	0.7415893077044141	0.29528580508149305	0.22107992415775532	0.8116087366603202	0.29023622855121156	0.30871412139609006	0.6582869516093675	0.9167319244908088	0.5296515729452956	0.3127543980682888	0.9819788370861129	0.8039939090751655	0.03997803457498759	0.5172665219139831
pspABCDE	0.341095898902853	0.3521891977090238	0.6659983976242424	0.8520189515024705	0.7098527930666072	0.6496384127129856	0.38372860422597876	0.9069565895328873	0.022780899416192466	0.7353683994094589	0.6388810074432544	0.6363524712216758	0.3749760791529121	0.5495060734532682	0.049465695688402894	0.8094815203079662	0.7523508393083214	0.6991103769811896	0.6447512830642044	0.5544187950227671
sdhCDAB_b0725_sucABCD	0.10817205510176564	0.10049294463421977	0.1623181204875771	0.08839198263375213	0.11261217485840562	0.01463102387177238	0.2767482523206057	0.1124878868809736	0.08711157213054924	0.1250974450555248	0.8197481716783691	0.09211879986663535	0.15626639798165023	0.07342059662722226	0.03047503807482118	0.13326024321477814	0.46730822599902055	0.09976850705915509	0.1867036319116453	0.10668869225302292
dmsABC	0.487513354408898	0.3973739957675097	0.5195210954044089	0.7569993589576205	0.8260735757958293	0.7910058732930864	0.16154352441090591	0.27474021996016873	0.2342385058569628	0.5545882569773103	0.016601847560040815	0.43848902242760535	0.547343149605849	0.49802293206848486	0.3722314512535864	0.48258766047697904	0.07558104918227623	0.5042317300114973	0.4327736121906674	0.23364619700294634
ostA_surA_pdxA	0.09937532791062771	0.27318843869898274	0.47927057510729937	0.23235181184322792	0.5473766228042374	0.21036107458705244	0.9163068290570796	0.8869005180417536	0.5000175844251838	0.4167818913740261	0.9871027755797288	0.5512082726120529	0.724824147619287	0.3640691639151338	0.07789628545222937	0.7019949842402635	0.9747504747092856	0.582867096882298	0.7135392440801851	0.788948473607124
FruR	0.25814503573150865	0.6222690382376075	0.7206973523922738	0.7897027765167228	0.17904892273325876	0.7822754112171213	0.07205515610719718	0.36539717802076127	0.5638545883496456	0.4873752252709813	0.2096152623465709	0.018338019948728006	0.10162838608667639	0.3989262798752461	0.49156200234481134	0.24823271063139424	0.40687946384598106	0.40081131832754546	0.07270493943153078	0.3279280181978586
marRAB	0.6240975893518662	0.4622831093167707	0.4836626471619636	0.3576256039179681	0.7119225762902297	0.36778754122496715	0.7304554880094988	0.6395267855479507	0.5441946504188505	0.5305024139851888	0.6486486876982849	0.7795900892557927	0.7278964386960849	0.5465129282906076	0.5090616502567258	0.656509947951898	0.5937117001117351	0.5531340230588938	0.6929867533035418	0.6522870041249268
cyoABCDE	0.011445181237407292	0.023564673849289064	0.033564750451626046	0.005455568850581667	0.06397264342956485	0.014805975616051705	0.4261954932769973	0.39488035847829567	0.03860694910935982	0.071417589497209	0.8469261879943284	0.08034982411719671	0.1422952065133845	0.03778838387737401	0.008945172004106551	0.19475432148053953	0.7497278116280203	0.07632664644812569	0.164093843434265	0.20828427757185877
tonB	0.357958320238986	0.6239925520378952	0.2282766099006303	0.37716975060352226	0.7654944324744543	0.7167389430445419	0.5785002239832676	0.45020048310765515	0.6962646398741692	0.45784815637588816	0.15185873144862772	0.24509483801093965	0.4254615647137627	0.4188602983405544	0.4178690903499091	0.6374687821934544	0.43980235277063423	0.26887934876848546	0.33141100823253244	0.6712821838632286
soxS	0.1796392586400273	0.5931273561228352	0.27952972185800307	0.332075721491758	0.10826665102093207	0.9999069510765775	0.9861396290598492	0.27641769291311036	0.4333272419144674	0.6910814085405893	0.10572347199828966	0.3983976243237128	0.887172643238883	0.6034744682126496	0.46584300045149823	0.7002548815218822	0.6070198953965416	0.6977093311824416	0.1670302099872959	0.9150613445824787
nfo	0.7097012311370512	0.6118984704514496	0.5264359737953179	0.5008190764266496	0.6817063224083839	0.6904210172705197	0.9281229720910775	0.6838615710638346	0.5979486817486719	0.7788048945700247	0.6815415207316782	0.8196863169975996	0.9068233117464175	0.8049287206031965	0.6388749033710313	0.8419476547282827	0.758685762997839	0.7944942595178164	0.723702568080616	0.8855330366953902
rpoD	0.005442040665753477	0.037418151536122976	0.30751630682831027	0.005304877491693413	0.27733137450821077	0.024762258809722926	0.8377619627577093	0.8070096495040242	0.32505798468724983	0.16384406398253434	0.9800304112512669	0.26430921874221514	0.5986227155563856	0.06457211643721063	0.0012682927918062526	0.4180070808025667	0.9525987051129164	0.43446753147174094	0.5504042960981466	0.6727081759095758
uhpT	0.7749890502278154	0.4069789328237201	0.808019397535776	0.4625723048775798	0.43595213056539756	0.2373693883853961	0.8510593138431078	0.8522453551549671	0.5489679947842364	0.5525280250507971	0.9884333232899181	0.7285441233442677	0.7149176139930702	0.5862212037843559	0.4005406058573985	0.5646363366798343	0.8677903730130454	0.746095783107371	0.8825558052534427	0.6358822660899064
caiF	0.4733076024021068	0.24262516853763483	0.21375923756184256	0.24068067207095534	0.5614313374405492	0.11937040638133845	0.19852308355561205	0.429981570735899	0.043685073359790355	0.385476391894001	0.07490568060020589	0.18718696403476118	0.2994453364323135	0.1770268478102727	0.2965848658396798	0.10625523202397644	0.2006531098273261	0.1461489212121986	0.1456449775702784	0.19112590122884476
iclMR	0.24861269847912848	0.9627587824770687	0.9129919926133645	0.22029512815925473	0.6843310253676482	0.10734912991652636	0.32057817574531894	0.08840350136473592	0.0523831429683793	0.3880318177045479	0.05090858167329639	0.04359646968059559	0.20609658180615362	0.5745564242263227	0.15829107220509236	0.10784994823810802	0.9077800845730353	0.33896047461912293	0.016448922578716885	0.17280573186932555
epd_pgk	0.9273760100595304	0.4164404651244703	0.9611276703280074	0.8198261530284988	0.165944088900431	0.13951104016942614	0.5998763856480054	0.7592242464318915	0.08457613901864058	0.37859251985100767	0.9798673908104801	0.9255934324496126	0.23938833949799282	0.7462588204826465	0.8158029658919977	0.15850992453793333	0.5203781835675142	0.8747864100349513	0.8221516339878236	0.2389658632555722
rob	0.7902779307289358	0.28401631740564137	0.33227527785234895	0.23374560671061356	0.7224206538917981	0.17440670729246155	0.9614458879589959	0.5770288142207932	0.4628573177157868	0.5162233430845492	0.7487075477878535	0.9710001408092594	0.8917674751775979	0.5955807185064311	0.5227879241530914	0.6412149102353776	0.6242850844407729	0.5688951120596941	0.9471714279367927	0.6672397258919082
adhE	0.36434375673762587	0.16360489651979354	0.37585906663005686	0.2197625591951293	0.6832044482817764	0.24918782990237817	0.23401853765015118	0.11350739172879894	0.2302130075203281	0.1873079896590772	0.34481413644463427	0.4849924603535688	0.7101479867285521	0.4226422240131357	0.11339929195815535	0.17554504455286965	0.43586283140368126	0.4565575727534716	0.4818631320303728	0.32932649219360155
zwf	0.6562265270539904	0.7111696535998167	0.575144244205424	0.48371875388952085	0.6226000189719334	0.7138231941302148	0.9593000293896085	0.6819590707152571	0.6525485444055785	0.7587679959336638	0.6685819154978418	0.8588326203899759	0.9400957085711146	0.851036801185318	0.7026897924780215	0.8542354983766214	0.8114409789896456	0.8323801111950189	0.7473027300577644	0.8855079906115064
lacZYA	0.9635459040743602	0.43154505575354546	0.7089900077046122	0.6260719246780817	0.1959328281672366	0.2317804461534512	0.6102578069996996	0.8167851026093855	0.3822714618353321	0.6534009729898859	0.8458197182498473	0.6201726531235501	0.4568126225982181	0.7770695835610083	0.8985670710265329	0.3318473179051556	0.6957246543606405	0.6654441722137729	0.7871371327136724	0.35409659320720305
nupC	0.041018923333461875	0.5084960159395436	0.2816037236405866	0.8056887245751827	0.27546267325689594	0.6862276758092177	0.08815927960038786	0.04112707478366592	0.1706465485069404	0.40119060348113184	0.00788816076300509	0.33432716297822673	0.08586429641971949	0.5079517941062122	0.8670476561381079	0.2333996286636772	0.010958980218904598	0.290896738766004	0.13888252916838512	0.1824550202312245
acnA	0.3313012765192563	0.746831391760192	0.44535893758140394	0.4078757688694393	0.3045112350935776	0.999966563158534	0.992006896611162	0.4167371303922747	0.6929599113245388	0.8339754462315024	0.17543327260208075	0.5372444702133883	0.9074995893973675	0.7824984388461345	0.7393382110653934	0.8348264244841367	0.7528070173954708	0.8349439685011465	0.3159181289550083	0.946099661741093
envY_ompT	0.7874726110025762	0.23450926187911442	0.930877429747935	0.6072599507216917	0.30350955857030687	0.7146635985693595	0.6719353018321117	0.29240391135167876	0.051945845956519125	0.3385073820136164	0.5056718888729601	0.7390004651607364	0.4911043590650698	0.5397675561334632	0.5285094112438057	0.9623385612673491	0.6682120486015033	0.326069726060476	0.7348811485734554	0.49229900375819247
ebgR	0.9058326258639012	0.5992300825765381	4,46E+11	0.16423047574288294	0.11147877560517329	0.1899710187747089	0.5035075664513858	0.9426737021530656	0.6424708273591849	0.9585327341473413	0.6263560218845089	0.1625439270952287	0.5469101876693908	0.9286082222863797	0.9368749868481832	0.6313390689834213	0.8980468753668308	0.04253468376043832	0.6495422574698344	0.19156466127705093
fumC	0.2305125568219648	0.2052515254173397	0.11778225391418863	0.15402454151700962	0.25716308153022915	0.2918840806297753	0.5596203704279216	0.43699089065947305	0.321920509842149	0.37306995818331035	0.5624537662390473	0.2887103761619199	0.4889580679018231	0.3482728145061303	0.4014873737509159	0.4024862077903091	0.7014068323056913	0.2971264846554139	0.36212962301924334	0.4806935816076784
osmE	0.5007631304943481	0.34489010126238456	0.26389432379433003	0.05818424353123247	0.3430370753070105	0.3496027257725226	0.5378370618281395	0.018038684822976086	0.9331258382156584	0.06318644817553302	0.18241277500875971	0.10396935211100868	0.7219027742983583	0.09646644424709144	0.8079699437759656	0.027821519770348708	0.13739742680027803	0.1877210830511137	0.1726649142071668	0.007662364488012502
glpACB	0.16845783259639505	0.17465108448665842	0.1563187799758822	0.22778822811354835	0.16533194584803185	0.18603593969700552	0.2755494320521828	0.18259209577396868	0.10910806948203686	0.19067533634020523	0.2651890606114053	0.12206860090200851	0.09304825126221894	0.2131961994604452	0.2026027724762539	0.13135111629049975	0.28803286985269944	0.09808129457970932	0.2112179577067497	0.14169605989366393
lrp	0.32928792794795536	0.696257585797019	0.057022083086457946	0.3870709016803379	0.6481163403862316	0.25614213179678275	0.38484485860156464	0.7681652312663058	0.9497866224993029	0.6690983631830549	0.5456745119431549	0.29182387918394337	0.5696864170474073	0.37676540853373947	0.47780838125228614	0.02279823624593515	0.2776564000046779	0.5963137547825863	0.27186753272623376	0.4940548374120843
glgCAP	0.9660225774106734	0.5793052310472007	0.9778754253419819	0.9010306546407639	0.41632779930378877	0.4600869049760923	0.6945363517683221	0.8344855071557068	0.49533514400304807	0.6921945068793887	0.9888971380847833	0.9476199182470382	0.6590340443263975	0.8149903033045532	0.9020623663843753	0.4413578601909056	0.6882306890912377	0.9321829759279155	0.9148627378364745	0.5245202494566809
dctA	0.142096434132434	0.22823406618604564	0.07189965347168488	0.2570217001798629	0.4167293956180661	0.2501269092348223	0.3200013751268643	0.36533415835905625	0.19319458075680457	0.28885030621200886	0.32299970995399446	0.1520057706018122	0.35277403061395807	0.1740219086068336	0.16263726062493153	0.33431295914532017	0.4513128682585943	0.17780312960128047	0.2348085425981754	0.15827434496211915
malXY	0.9510411567397564	0.6710582393662253	0.9457338420856702	0.9183336965837592	0.557544194303414	0.5835753895960366	0.8139468742788081	0.860850649829257	0.643809626386091	0.7681644365610726	0.9636227632168783	0.9286000231103113	0.7757072686869864	0.8760980646716674	0.9167114132661239	0.5174111199622905	0.7866554553359554	0.9236028585476808	0.9107732786987824	0.6481519404441665
hns	0.14177228324234648	0.2689513652586429	0.5709176682845414	0.6723015460185872	0.013311780398856995	0.6967295019615262	0.41691926562293474	0.29088648190323296	0.5497866294265558	0.08026677182546701	0.5499548476330628	0.8949121116214983	0.5400689715781335	0.5329590655310077	0.09910684270677952	0.8478735307521241	0.31305830913721416	0.6494426686054847	0.6310114344061919	0.1071491545119119
osmC	0.6123258695383915	0.46795302505609826	0.6245452981651157	0.3749696725795468	0.5085307756388008	0.7676317056842827	0.43577793530604636	0.5215711062050549	0.697334992209098	0.4128190542063423	0.6372555037685702	0.722681000005261	0.7152568283292897	0.7338044342978023	0.35601725140767276	0.4204354457072909	0.5995826110676551	0.7398128691963891	0.6071371496428105	0.5974552497299545
nagE	0.6192576783067201	0.4109279295731809	0.5776128736864228	0.5732728437214415	0.3190742592394445	0.3924096868884491	0.5282885544798084	0.5191665086540326	0.4467280411280213	0.4101037507922883	0.5933185349934653	0.5494294618631683	0.5403949420729125	0.49571788489693935	0.516183381266385	0.32002627240432013	0.48261612016924915	0.5277887545102127	0.5396431700769619	0.4257421760851091
araFG_araH_1H_2	0.41065991661686063	0.3198735999105317	0.39606637197464123	0.401998934882714	0.2036606719406403	0.274225177904716	0.3867139270195171	0.35058901764321493	0.26477509961731094	0.25327899245313007	0.4984759331461972	0.47261933025853636	0.2757735039074619	0.40099431068816127	0.30918722327890635	0.2664245809347062	0.3778834077156861	0.44746561484276226	0.418381999432368	0.23592385899308366
nirBDC_cysG	0.8671053114373595	0.8823592652509856	0.7875287360985798	0.6304361796957777	0.48034665146595645	0.7017679594623045	0.6320156456325255	0.39377239937103425	0.9311504733553236	0.843647217874031	0.47103165582726375	0.8139553623321066	0.4288376743282495	0.8796052169408589	0.9879221301155828	0.6678677749347353	0.33953437690492744	0.7470239626961022	0.65478955345085	0.793359239931388
fepA_entD	0.16158432459180036	0.28196660891985115	0.076927751843187	0.14795901791908436	0.4457626616906972	0.3924435704259984	0.297458488941382	0.20524551139370223	0.3715954705608036	0.21803598738053262	0.14441123136181946	0.08430303579976889	0.2668607191196219	0.1446850456189508	0.24371888550275764	0.37779576030202994	0.3716385508250012	0.17251709358180442	0.09826218200667847	0.3768811611796352
glcDEFGB	0.29958721920772485	0.34883995744715635	0.3560007157708107	0.5233890985509266	0.2894585443311655	0.4361302773291465	0.36592188408145704	0.6969023808838006	0.03173385789330544	0.45672157940846003	0.526410951279589	0.38189229301572486	0.14317571070628504	0.36696747519216355	0.2763694325842566	0.5631324110298536	0.7422074257624501	0.4097526427317596	0.27864040103049137	0.24845562579573519
udp	0.3852130813225034	0.42348378555152394	0.49353386656256987	0.7982425935511078	0.2688562955556756	0.41483264548723964	0.3154389661787371	0.32894302743425735	0.25037696040543517	0.44229502144587274	0.28423649755925134	0.6303810710871293	0.22271539152327574	0.5460015650518004	0.8582442237228238	0.16438773733190304	0.1816179094777949	0.5422012520852689	0.3685859504612271	0.19984486200639953
skp_lpxDA_fabZ	0.5260323387561048	0.503757436036995	0.8201291562141956	0.4242743489146889	0.7298811048531053	0.5586960992349326	0.7922252178905391	0.8010577626563306	0.7383133482155954	0.7381451426467842	0.9498394367633529	0.8123663270689613	0.8454797145226811	0.6225048276462021	0.3384392614785302	0.7371457836762741	0.9814113360875285	0.7456526084701067	0.851985975032818	0.9205518498745491
rotA	0.979095726704481	0.5793830269140166	0.9907584067231239	0.753586428458457	0.9237515359754691	0.975076899123116	0.6113055182257207	0.6965224847548095	0.846008825235273	0.715956138053329	0.8747486019971464	0.9827212720003662	0.9252283760819043	0.9667263420135218	0.6872939315023308	0.7748709573603814	0.9765919932258385	0.8630259332338349	0.9176889971396526	0.987873537994516
ndh	0.007294066050563041	0.030080943868462027	0.1293213117954322	0.011913980329387865	0.08460157453159728	0.030233298021387276	0.4790023913949845	0.4427534445415867	0.08986283168964125	0.0665664499657496	0.8468809588880549	0.06412495410849606	0.20823782233639912	0.027095972191888692	0.00481000713183825	0.11612539250339564	0.7473710759109737	0.16178489457847098	0.1787542680162074	0.19329639925108974
glnALG	0.48710178949159627	0.5084763701660798	0.554711029734678	0.5869259536041838	0.4779062121549532	0.4337169412774189	0.4032889373161104	0.4678553639017785	0.2617126918704626	0.4534414459455791	0.5523665721029093	0.5978823174034995	0.49712354600316744	0.4635723627734153	0.32018886422878273	0.43763467940969364	0.539884426753926	0.5613095970816127	0.5227004891464762	0.3410472827929465
dsbA	0.983253846386687	0.5711212763702385	0.9918134329613575	0.7815653879639096	0.951923165927458	0.9832558678294503	0.6599724915897723	0.7729435475336439	0.8507983215533109	0.8299509196507819	0.9143938049951135	0.9888196806916347	0.9611976142375158	0.9772415730857462	0.7692938855404803	0.7680347055984078	0.9870605155572922	0.8735255281827525	0.9332875552912488	0.9878265395540732
glnHPQ	0.2558270273276077	0.20361577701023817	0.30475966518196823	0.27061757454021196	0.32685898923306866	0.345328235928258	0.34393466962719194	0.18291917304729594	0.05684624134077287	0.17724831125050333	0.19307111787738082	0.13549611816393908	0.5434689245538044	0.2017334157822904	0.08480596079728193	0.16909546026006897	0.3156139029763757	0.31459691436921966	0.28784197456736627	0.14799048033479795
narGHJI	0.6587240798291598	0.7998727449693603	0.7937943584072152	0.7232348418581397	0.55880570083298	0.6511644602961646	0.5378868865108235	0.5994831007723675	0.6608608093045341	0.8043124691140224	0.48988777294450525	0.8455519340240015	0.4404508220940352	0.8207048351347759	0.7401560274407869	0.7965323950949971	0.477228418378177	0.6521521881563368	0.678561049854338	0.8414975394502523
hycABCDEFGH	0.2332349985187354	0.5052684667294612	0.49019959917838396	0.5396628406289704	0.5300607615188979	0.5432695282195771	0.46280947793882526	0.5778071254695696	0.07845369801868762	0.411525162972235	0.46859614879031364	0.5047974593629322	0.6072806499374883	0.47624097273093996	0.11789182397295855	0.5828692512094107	0.4878027893468812	0.5827511951787666	0.528748409316809	0.5087505931716128
fadR	0.4568861419638996	0.004811550274206187	0.02597832185330857	0.38385368480514703	0.08619936952694897	0.7384355158876517	0.2004380100691679	0.6624974723792119	0.8522805287326217	0.29427123632199076	0.7124200517733535	0.6409229526727156	0.41475611323421224	0.1097374359552982	0.5240606531708041	0.7091488460989932	0.014958500349279093	0.24307297235410072	0.9206127889070803	0.5086195142911041
ompF	0.6905146270117686	0.6267912115360419	0.6884189359504082	0.7399508264418838	0.7059101623313034	0.6631801472276732	0.579292564591769	0.705863119116757	0.44217504283995074	0.7101381924727102	0.7922034149945172	0.6956318454002631	0.6838692948646922	0.6376243322146266	0.6790321331635314	0.5067639025810029	0.6985967725750334	0.7144230297476526	0.6281531588116711	0.610394346725881
glpD	0.9555957929809404	0.5709147009827416	0.8235009120832283	0.7296190189323777	0.5887534201970969	0.6438694956961901	0.7802605102721717	0.8723403222645241	0.478674219958018	0.7868676893668739	0.8460992282602148	0.7806219294577231	0.5019998410062364	0.6815823437087026	0.72208015378606	0.486802188467846	0.739386167589459	0.7359908927533364	0.7509671976177482	0.5095242875756802
lysU	0.45933174976394997	0.2327297906022067	0.8823214397239235	0.5061616306032368	0.2802906322158507	0.6026573625212563	0.5157915755724221	0.06595828667018297	0.02205868378017574	0.1781139524271915	0.31384822254882083	0.5728615348379708	0.23460220734925655	0.39483455695379677	0.3084790022841696	0.9093187897409454	0.5162984558584036	0.2981455163207614	0.5057259075997692	0.3512946321836414
gcvTHP	0.2699145337984412	0.3557308572724321	0.16145986038636687	0.31434195219210703	0.5026756154496285	0.16202200714192486	0.16891226512658605	0.5567847098021603	0.22541202797844664	0.4290899869491656	0.5492974017923975	0.32714810480363055	0.25894884823336456	0.1804145532631971	0.30066903682507984	0.0969251721817057	0.5739888296071363	0.2582450158038785	0.4445084366291605	0.15478431198540304
fadL	0.07504011221506288	0.264671484195707	0.16602931637937113	0.16587081666726577	0.24686415310835955	0.14810637279511785	0.09253726424716921	0.20327402965273458	0.027824461262102466	0.3552461077767893	0.041640773469730184	0.13707359888955817	0.16792808924081593	0.27824190667412557	0.10434446214860942	0.2941838995189344	0.2677132273607239	0.11714569285294246	0.09935849713114513	0.2794561737810472
glpFK	0.8584078274152068	0.47786462398705165	0.570377604589984	0.5225522172951959	0.44626496278870886	0.43530039179196206	0.6029152224033337	0.5625139792059599	0.3172446125919866	0.5330784846221894	0.6171488577925512	0.5242350930751987	0.39721476964618413	0.43885470235053226	0.6012012698876049	0.23921314155084206	0.5507726398024985	0.5472859042349113	0.5188142623266521	0.3655391271190654
ybiS	0.9265666236465513	0.6872491096821346	0.5929490790968099	0.5381988945737816	0.9217575343622886	0.5211873717773615	0.9887168311901346	0.8061269228682962	0.7334961487023695	0.8244616516408234	0.8979341771840094	0.9942139710138546	0.9732591749649665	0.8491880152746304	0.8443913530075422	0.872528327768373	0.8933346418761033	0.8492688187700276	0.981518991231142	0.8825619001499379
mdlA	0.8983880195734789	0.5257943863253713	0.48183959643984137	0.45185129435049226	0.8472902005405403	0.28044188074216686	0.9828918619408983	0.7102483585147356	0.6095706681409953	0.6205538319187397	0.8629680637551709	0.9886284632404432	0.9546934148410564	0.7856351037493094	0.7067752956203275	0.7115122707322014	0.8056656291239235	0.7472289206387972	0.9700869183522105	0.8418974041277054
livJ	0.3419342362303742	0.12172227270893182	0.8347178850112722	0.5028917716662921	0.13023576930715602	0.4503018884348036	0.23746996314683824	0.06702626723049358	0.019697691240366695	0.18009231035356638	0.3124419638217615	0.5264050407933261	0.22279533044469121	0.4436793117182957	0.2861972233220743	0.889547046445255	0.4260705539342278	0.2513725009989493	0.5508622684300313	0.323366666477773
fumA	0.008227283215079904	0.045784190907589055	0.09423953872577281	0.008343420656980597	0.13069362696236614	0.008535997375598911	0.4838639416299817	0.36902587001413345	0.0890800398039442	0.07932433132393885	0.8558842682766323	0.08660669362673312	0.17725133232469784	0.02362034754229475	0.0013850203675848213	0.11827252997799997	0.6853597399769099	0.0791494465710229	0.1881510911217852	0.18294379287890716
aldB	0.8898945434407682	0.6209350705753552	0.9077049586890307	0.579722617596329	0.6271178041295664	0.45077127778302317	0.6031472682389727	0.30190070775486305	0.6279024189004953	0.501184110496047	0.8428572003206916	0.9206930783717494	0.795531424601222	0.8898588580610126	0.567499201611151	0.40181092003293645	0.8022961163758167	0.8296307764807965	0.8694457973430747	0.8648831490271983
rpoN	0.16777209646685312	0.3294479331448695	0.5747923674239622	0.8442505639107805	0.9729534865489609	0.8609327611085752	0.4284536393471715	0.847308692570583	0.006988827253997833	0.4802703794981042	0.32874524196584576	0.4325649766633512	0.9588628433152451	0.36413360946199563	0.017140311139643018	0.6906121488010285	0.670119580577658	0.7301047877578218	0.6788454999905833	0.24064366497250794
gntR	0.810728227822428	0.3786223372284378	0.9990049367438245	0.8016359620175565	0.8827802522548672	0.8609709218660093	0.4554891331855689	0.017878590470879984	0.3284280469307614	0.03466334135543857	0.27197563166162536	0.8640830133495444	0.4680486939423715	0.1016347548728031	0.06475890880066254	0.4559298077477271	0.08518924242730234	0.9529158806593232	0.3954867802255629	0.8234464351660137
galS	0.5581334767228103	0.2303072441992824	0.5623107426199451	0.47803816153535206	0.2499979863976666	0.3756649664264068	0.3959474434829862	0.534737585315414	0.29671929394698804	0.3386093608066557	0.5327873229111465	0.5287780342521314	0.3393291778825235	0.39172166842071166	0.46146077450539835	0.2202242090453191	0.4968094817531349	0.43457778928933366	0.47492626747572764	0.27572001904303756
ecfI	0.30895444612447215	0.25614613452701845	0.7382717375153591	0.2053027111066242	0.6453893496059409	0.23838398965602886	0.5913163682750979	0.6955601305492093	0.5855715503766505	0.609742230202408	0.9126927561127116	0.6429257716893854	0.7093190767284185	0.32239127048921645	0.16325540103684158	0.5517069755762051	0.9601480009447875	0.6659474062979795	0.7804358155992129	0.8779978330417033
fpr	0.5595178008317018	0.7464180705892611	0.5782883425101679	0.5238104616472155	0.572455174648319	0.8304227447992852	0.9341795912355999	0.7073225556806236	0.7422218843644336	0.8079511488107579	0.5842917599397839	0.7860516910009	0.9414529605667478	0.8265229982417437	0.7099924973211582	0.8517858930666534	0.8133152333552579	0.7941917813939351	0.6330994518402185	0.9085757307704684
mdh	0.009529748875910024	0.03037027855945979	0.08063036415430191	0.004225750059739892	0.03852692154758911	0.00672341064189332	0.3476357400544936	0.42293827725741817	0.08515609974278772	0.03196951740018803	0.8518856014261313	0.06567432015536803	0.052857142854417734	0.02850446690559017	0.005495543493933153	0.12730823220201637	0.6950184993499243	0.07591639106927661	0.18200242517001433	0.09121600840934509
hypA	0.11339781804773322	0.3048740478239651	0.7490466814731047	0.875212080937663	0.9837831484799764	0.9043065936737198	0.4966283636714052	0.8851371228457484	0.0017650499858926202	0.5415059534970592	0.3843249887824607	0.41800494988743797	0.9785650912639001	0.5667700115413333	0.006487789556068202	0.7384408778503772	0.767075965535404	0.8186121918396387	0.7562619577549982	0.19373824345655552
malPQ	0.9643441661602579	0.8356062381419059	0.9298041117294324	0.9659406668990179	0.6736603238293131	0.7711092601763495	0.8259770067927891	0.7690525153944935	0.757539866582212	0.8216868864080605	0.9102708596353057	0.9415165155900233	0.7637383572886701	0.8722040148093673	0.9531010287598656	0.5213270072227637	0.7481874042930989	0.9085725660416452	0.8939419070465017	0.7413998127151624
ecfF	0.1316475661045989	0.23974295805320286	0.5930465520667922	0.09062781943411476	0.5857489559311598	0.15495325913738753	0.912546514228497	0.9339286385343241	0.6176657111996972	0.5410255445684995	0.992656059866047	0.5749536320303485	0.7631585794043637	0.3224795556949387	0.08309157814291421	0.777770021934473	0.977849358722982	0.7123675452659606	0.8234244762092652	0.8255954007608264
himD	0.8939713893929793	0.7519735077662488	0.6516012288872108	0.3103397789571419	0.7335343628522252	0.725070752544769	0.9289714659421767	0.15287365793643706	0.9984808816340455	0.1366358964518523	0.5241848796157881	0.30020639320763026	0.9776849469205104	0.5337053735024281	0.9880276878684275	0.05710781876991405	0.32573330765557	0.5947942364518121	0.5287098861512343	0.05028856662273848
rhaT	0.9767149259233837	0.7257233500030106	0.9826244742393502	0.9408155101724278	0.5216910132852864	0.5387712327831231	0.8280460136498863	0.8895322590411748	0.5843236387581094	0.7299617884098006	0.994128255498572	0.9685239722486553	0.7517697643110092	0.9087224736271158	0.9146689222078384	0.4189757302239041	0.8095349249631946	0.9493296375001141	0.9358228998498226	0.6843399079599565
mlc	0.163702914713574	0.11364939986443269	0.3311341558400838	0.053944307738072725	0.30947885271256204	0.1282743157214929	0.8054744514231265	0.7945473350418532	0.3793562920960421	0.22760716387652583	0.9721706989505757	0.38011316872517836	0.5475535972728577	0.156116727908048	0.007302725233418138	0.46751399268060156	0.9455141947046362	0.5190675489741834	0.6078796760756978	0.6171563520902372
ilvIH	0.509163497590151	0.8603781556373379	0.19716725306189337	0.5213228545766682	0.8188751791688956	0.4696692913266111	0.6258041447483044	0.9128821107857105	0.9787517107322601	0.7717625511302922	0.7437704264284458	0.343262154436226	0.7317025298372616	0.6082199819598961	0.695959094826266	0.06235446479162646	0.5334087976326849	0.7026616087099381	0.39443741441515145	0.6313069106321192
rcsAB	0.28202974380189927	0.3576079626132092	0.7968967585275336	0.8649224079544782	0.027209110720297962	0.8579172835954925	0.5693740055403178	0.46652663906484504	0.7573433888811475	0.2252367346221772	0.757334761216281	0.9533546932178095	0.7280021555823699	0.7973162974371482	0.22910410781174004	0.9366465630162313	0.5340759684374891	0.789699231236748	0.785493038015712	0.22520953285481357
nac	0.31918797987832315	0.38027775814649456	0.374623848401081	0.47512543376568594	0.3661064396626093	0.3124448960306543	0.26804100433688777	0.4114848348381802	0.2571606116825997	0.46954410901799537	0.4143330272033966	0.3801355274684957	0.41870368332558583	0.38948872417579417	0.0880890725989183	0.5121726978951509	0.321496053221941	0.3823251100707422	0.4480461142346154	0.3602416238740582
pykF	0.4354009372973971	0.20721065706712058	0.13593205751236426	0.0758075705284793	0.6017127264648823	0.17505452313666686	0.9264070979279756	0.3862544320305272	0.2402440119678614	0.3177064697958405	0.6412166163503014	0.9460163053948317	0.7860162719964121	0.3819807497649554	0.24326693528464263	0.49654140425633303	0.31816434123554643	0.35222470637689823	0.844406399102066	0.5273877172268285
glcC	0.31373890764082235	0.3401018647256394	0.5037314650467083	0.7296232323081822	0.2058489989332938	0.9759867332973232	0.04900515132272778	0.994002609224993	0.00706291838480479	0.5308238681631946	0.04353360314116551	0.22999276537869015	0.13063837625459315	0.29187516789547696	0.6771676244740061	0.7520572819216657	0.45428988170736784	0.4198382800720338	0.17575608213712254	0.01951506744585553
gcvA	0.8771589982794928	0.4575136729819265	0.7910323120006326	0.7456162524580743	0.8222627077677263	1,17E+11	0.01089873190108044	0.7119580270960341	0.503411003032153	0.26856903382706265	0.8442140196463802	0.5884537361661446	0.0979328359917143	0.44100224275376254	0.49300080617602754	0.39544016294533435	0.4215433105660909	0.2106109857757327	0.857423685684225	0.06664861564709298
nlpD_rpoS	0.8210309463903551	0.12468102088439617	0.9273050802217737	0.2507919815219625	0.585776000713304	0.7893721338216861	0.11316254676531168	0.07206955998069747	0.15461217642794406	0.14912389243047489	0.3499907159078495	0.8591479210509386	0.6077983454641547	0.7527542711790202	0.16238098341180085	0.17071726049001462	0.8320937532662939	0.3898385963317842	0.5591573905726818	0.8047051450052298
betIBA	0.1834869418992455	0.24386404391155916	0.18914230050643804	0.3030740982133613	0.24727420821689913	0.1451751994220282	0.3139275877726494	0.2918329212226009	0.17678895134531733	0.2851009211152687	0.44018507172187094	0.24692470957483093	0.2861241473019664	0.3146022935702309	0.2881061210355843	0.2096697036322608	0.35667694693896296	0.1389437612010593	0.3329712404811844	0.3591123469535554
lacI	0.00928015286544936	0.39167711316436243	0.999024548706234	0.7908091776420575	0.8677725014090503	0.8495919132492746	0.5117191072486467	0.03539844177425921	0.41160329904666665	0.054805110096615636	0.41401663488629914	0.8583561740288942	0.5032398169302686	0.051108207737434797	0.033845460308761524	0.4539224855223832	0.14075598001157996	0.9575087746267239	0.24472243656976903	0.820973278425329
narZYWV	0.8835346241360631	0.14876004226312198	0.9588580529778871	0.42594028447271126	0.7179410390972597	0.8871879353487775	0.2052885998310609	0.3143506095952919	0.3212656530623473	0.3664520011431219	0.5069338778954672	0.9157465045789874	0.7867939222421476	0.8428556223079178	0.47545979633951496	0.3059234713400667	0.8837152575746353	0.4829060774943739	0.7507220870271659	0.8950828858771555
gcvR	0.6621011252680588	0.4948427295274655	0.813090446915007	0.6023927784237824	0.27011881451057423	0.9420505601880467	0.1676279154216984	0.29255649623525615	0.7749342777723414	0.33435996500315246	0.2448673493863975	0.7081538095443449	0.4193968882230724	0.8106933611005722	0.6501988351120466	0.9307573850703409	0.07881072723850689	0.6709487428167847	0.20098114816170917	0.9125958950429205
ompR_envZ	0.6746454733074243	0.359741341351172	0.28425305237574366	0.08325466022915762	0.3684805955011598	0.44869855494157623	0.5837499278581438	0.03706955211159258	0.9458271766175618	0.056013266976007954	0.33993457749577793	0.07863668274251127	0.812873267327069	0.23735444933737482	0.7796915071542369	0.010968918331793127	0.21642882993029858	0.35893819666160753	0.2796857848902434	0.044418650086957036
cpxP	0.9545147835399236	0.10221540640237622	0.981450087131157	0.40818434877980303	0.8183520328866839	0.9559433613673395	0.11345372652768339	0.34639064832049254	0.5762136200875551	0.4857006296829242	0.7196917796945381	0.9737691807552439	0.8707695867558601	0.9549693421281745	0.3493198455009574	0.24508970582134898	0.9530261358322288	0.7122445482851006	0.8669172621875231	0.962901417819651
tsr	0.043903694563013476	0.4336828231017579	0.030690248341965615	0.26132613787587206	0.05021627875473556	0.011146313311858912	0.38190216443756786	0.23846373183422973	0.17004041329526554	0.2878687040262757	0.08392636732652334	0.005287910914119981	0.12074626156083913	0.005688432438188792	0.28914784270898436	0.33254625968353496	0.018200196828599507	0.16906553501214763	0.04582716690057197	0.012232826764737805
rtcR	0.3150721750817443	0.5084048184207209	0.7417823961816778	0.9269418827677621	0.9897821786309606	0.9157825473364021	0.5666694753145289	0.9112542948629376	0.04284049244754966	0.7112926658423823	0.5432767025180555	0.6513983690337645	0.9819736088663951	0.641004984798672	0.0815265684655525	0.8267871081294949	0.8533336217339508	0.8473438363938974	0.7918545072552884	0.44729160598839135
glpR	0.10447832768349088	0.27271269966002437	0.6813100752533213	0.7799237126850328	0.009080095086647236	0.10262187865021957	0.3791439606216017	0.2936733385871415	0.6892203847403584	0.12453101967782088	0.7150695859371418	0.7844316527047619	0.6663796759477485	0.8893034575381527	0.6036675267303468	0.6667696484575082	0.2916398254862425	0.7945069460866332	0.5434221605699694	0.3899637382455668
uhpA	0.32511191404337136	0.1344510535300861	0.4192850105163272	0.023687594820765497	0.2472430488013643	0.0690561421968199	0.7914727952654727	0.794281858328416	0.3982062278477583	0.31658584568330417	0.9776748160436456	0.4002522207980959	0.5449761722001	0.17077713043968923	0.051800442473952185	0.5261591803586739	0.9362494426345019	0.3974264954543709	0.49942835153076903	0.5567486110426071
fhlA	0.28512055020372107	0.47771706303135186	0.7525612342402608	0.9268969477766815	0.9892384905856948	0.9289419456835644	0.5997811564363512	0.9007420670386916	0.0519712459691104	0.7124989069028604	0.4496814465975256	0.6543843677008228	0.9850528520769779	0.6296855290451955	0.10511850318362566	0.802061524888854	0.8357242482203094	0.8697761482127265	0.8583892054646162	0.46498233522069693
yhdG_fis	0.6649306493200665	0.6724901831680627	0.4915670393096807	0.3758172900563451	0.8355527293926468	0.0371555585510606	0.8987428041728631	0.008384228231622057	0.9957506768039323	0.3921871372012582	0.9143104462634364	0.7969707573493154	0.8537154706586135	0.7422549292023307	0.33034113919903757	0.2768065138619661	0.5542212839765119	0.6202164984537843	0.8161128763914489	0.9794624071939309
ecpD_htrE	0.48033718659502667	0.6898607949589093	0.774551261006819	0.9223374171380967	0.6565638689809487	0.6628557748333683	0.42121925752785405	0.9719646105249076	0.09885266496481569	0.9592576550084985	0.7925628111395806	0.9237047975197449	0.24114717572054628	0.8218468735530303	0.21752777366758147	0.9854576969043374	0.8594630438751348	0.7018257657980245	0.8075953781957238	0.9835039351261105
kbl_tdh	0.48967328115611364	0.2134764792025064	0.8699298167289926	0.47856003539163994	0.20797605973983477	0.6180720993406584	0.48160259237603353	0.1360349531021523	0.025209035954969167	0.27309152526651925	0.26568969147785626	0.6095097249721568	0.3211613207940148	0.4534413640941663	0.4185857114241206	0.9123619119534427	0.5541698208446183	0.19548621119818843	0.5761162951666805	0.3709607689819184
alaWX	0.8416028404933257	0.8683109023110877	0.7159352262549434	0.5766439559922011	0.945522183264441	0.13351858188487561	0.9623965578963641	0.014881240296636844	0.9987583283780448	0.6425117953949269	0.9723071379747203	0.9326170012167441	0.9534782491928351	0.9006981217540057	0.5815852261518593	0.5725739409111259	0.8078520591419385	0.8088424785112801	0.9375111847827371	0.9929597283299739
alkA	0.9414419604522718	0.10268093703068377	0.970162995060932	0.3343834471017722	0.762790747531193	0.9457941080231697	0.04547714731927976	0.16559889511400672	0.3301113528961755	0.25311927821900637	0.43114552164278935	0.9649272243040972	0.8486931720789868	0.8989487921963821	0.2606090089035684	0.13391405009089116	0.9303499195915719	0.510412153193382	0.7386278888707365	0.9249149129263733
fadBA	0.11034401542455977	0.29908808456019415	0.2514865972881657	0.14457075211023698	0.15884444178521126	0.10327519412761312	0.3419950216212564	0.16830811951638222	0.02984830878895947	0.14382241472967133	0.32449839381397344	0.06434137303126242	0.16885710332537726	0.2697235223480351	0.05319843507874753	0.07924834822477925	0.7777502354371413	0.17730158373139918	0.048859291943491326	0.2131044854737045
lctPRD	0.012655322419794135	0.011219701298536545	0.0407275090231853	0.008678501208836035	0.1033599203194287	0.006411234953721087	0.1796932185269419	0.42979258747855437	0.05274255027834105	0.05737729308214003	0.7799923548965134	0.045178554368572064	0.10381726368357372	0.037142152730682144	0.002730229741542332	0.1485459391530683	0.6955267295457044	0.03447014037506468	0.10846766347187985	0.22297460880804454
fdnGHI	0.8394563312460656	0.8502906784976704	0.7041730105875735	0.6350012039759821	0.39635556450403475	0.5708150314338215	0.5555205404059816	0.3013149458202308	0.8796676905412081	0.7676601979366146	0.5531850758214073	0.8062448714548333	0.2888401709032537	0.827003884418903	0.9894550601369212	0.6591513325226195	0.3943170520018963	0.596593410596786	0.6854874889004857	0.7694909614595565
ybaO	0.7257187780492668	0.2054026252169949	0.18495704419152137	0.1706109813431712	0.7166468009460027	0.060815876203224005	0.9515763263259123	0.5141828908463723	0.37261231569524716	0.39262023267246643	0.6200847147064762	0.9712087537979548	0.8750238474058805	0.5142789396073368	0.4522326507413681	0.4902480375305909	0.5440074814727406	0.4748316953793737	0.9251723880582776	0.5869886791975504
aspA	0.9526119386134572	0.9449119526034213	0.7765495424056333	0.9773106685635355	0.8498983321574145	0.9712475592784372	0.39011564647345703	0.3344505542368529	0.8072149351224582	0.8451910103784299	0.04448684128602725	0.8277891064640105	0.6527406453953605	0.9334901465945964	0.98997510439459	0.6502038663397451	0.06129889871075176	0.7650967436794818	0.6844996888656573	0.5618644100231137
gdhA	0.3371480333755885	0.45779687748992576	0.4517604687344763	0.3550722299532311	0.41098032805164714	0.3630941232252868	0.4967148060894966	0.21357237126390263	0.5932410434079178	0.3814807180193171	0.24951118324191737	0.40595551112220973	0.33614850119137074	0.4256321673862572	0.6576510762075957	0.3199464903166652	0.3999775450068147	0.3441978540575863	0.31252488949176754	0.4282133667663261
dadAX	0.970101058428415	0.6580836423718086	0.9785982172265699	0.9048759671385258	0.5040542156656719	0.6178548102584466	0.8029242128283789	0.8823326257155475	0.5362734541963858	0.706413036655155	0.9919791074373093	0.9673014714685447	0.7112020462531893	0.867430490711391	0.9227199782949365	0.47723747450023934	0.8167315449565556	0.9510086601641823	0.9319342392215232	0.6191925343982141
uspA	0.41069320975412477	0.9999960009027101	0.9998313860960036	0.5504587410210054	0.985710189813131	0.11128096927718485	0.7337241414852189	0.12614528582295978	0.015773734035229692	0.8101126112019925	0.11343425134469118	0.10722881465196828	0.5037821555502362	0.9517071717738557	0.3539049046826324	0.06740599835945237	0.9998348156465218	0.7791408916300863	0.010957727257960804	0.1575069227929732
putAP	0.5061213131012647	0.27831959102995046	0.2795746798074159	0.4212522458582967	0.4228080330261541	0.4084111990981578	0.2983853622623064	0.4217136701106865	0.3457020270946566	0.4163714463714594	0.40146168011137723	0.40240885985009256	0.3715263712169577	0.2858292656437151	0.25138523550905617	0.4380210105811209	0.34204303953635784	0.38241304266991777	0.447927917572572	0.2812956239992463
gltBDF	0.5555695754578803	0.8303966522779082	0.1355202777569148	0.5584885758985051	0.8395147885192671	0.4353339291675219	0.6478016597762156	0.9091780274678252	0.9772742017293773	0.7662935451706321	0.7292869815537155	0.3046108906178402	0.7764947841825032	0.5301797573531388	0.6729934639623586	0.04761199736571574	0.5546960895043617	0.7394265212066258	0.39523145482666183	0.7421838164332981
sdaA	0.23446265732707297	0.051102833342726035	0.7782361474136502	0.3063154243394813	0.17356462068474524	0.43060689566301996	0.2709652048723612	0.05126987115010727	0.013795439714532351	0.18406323945335099	0.20138368068886706	0.3540704345798625	0.21004316224727684	0.26509435826831834	0.19977383050763217	0.8047436233913258	0.3204474563719761	0.1519106267230584	0.5029577679186883	0.19948542741159514
evgA	0.4405520034851473	0.6614200787805623	0.07413561325206604	0.2302728502682594	0.7876662544807048	0.7678758806316069	0.45143917894931157	0.27819181336556936	0.7782545720028742	0.5389458778581085	0.023953640955867755	0.1454410618579041	0.6498098490871856	0.2553459595903706	0.19405834004787045	0.7872111613569415	0.534459378766313	0.18692525556466855	0.20154434963153206	0.6316328333533326
dps	0.6474974321124712	0.4345619101846256	0.8030264095519661	0.6104470247293198	0.6215425883674752	0.7497521443008958	0.25767159395143063	0.52689009715138	0.18382929197278275	0.6000863852476255	0.5152680798591606	0.9054064012696282	0.5592512947595746	0.7694189902573034	0.3051449166294038	0.5341027824410227	0.8579355846146689	0.5972357566147353	0.6962678656363844	0.925701037351986
lysR	0.7293971606341063	0.39136504863355775	0.1598659287291267	0.3873543453577381	0.2543581868944577	0.35050101524822525	0.24799799028066927	0.7625698785856202	0.3808767079138672	0.4277149578647772	0.5597816543618288	0.13643919213010186	0.9413610730562464	0.31715351972229966	0.9308003243551197	0.9528118650667552	0.652330475169573	0.653797803614652	0.19688080821142703	0.38714293937349326
nrdAB	0.7828275572362806	0.8303346637294	0.6893766862052116	0.6131449507040501	0.9594705167465823	0.41155178350314653	0.8853717979683751	0.46022135325441305	0.8294694642946202	0.799099134803416	0.7778268351079788	0.6109782316276202	0.8001966898927194	0.7609634886395252	0.6882404519638391	0.4064643957090215	0.86144996672015	0.6251341912605033	0.7356078887081929	0.9701158493513886
fabA	0.6622573249143873	0.00680144599013099	0.024606906433555845	0.5534954344679418	0.20309839528748103	0.8391587363399271	0.4671481796462461	0.8302105479500632	0.9451803779315784	0.4075126691767486	0.8554794603397026	0.8325596008752042	0.6336364000864778	0.3817708427731361	0.6080065356588018	0.873703157069131	0.019760668453925455	0.43997600027926015	0.966976443388933	0.7495118366009316
osmY	0.9218892311056085	0.1972131006546135	0.9780198963677131	0.4448980971351024	0.7970460447756417	0.9329810915521511	0.34503164259525515	0.31414435472408975	0.4667090756373736	0.39232106624274155	0.6579961699691653	0.9422304367107106	0.8341323176635541	0.8993549616165537	0.41452246186676567	0.3837455843520264	0.9468903411629845	0.67223925505054	0.7941793186460623	0.9401670193555903
mdoGH	0.1009395930415317	0.17921713637979442	0.5726995517519856	0.1673911430773989	0.5933272078756286	0.22109689406362146	0.8986982484124579	0.9129323024918414	0.5151730476040569	0.5488279710781987	0.9893152207774342	0.6289113592951167	0.6859635795448873	0.2015866923896577	0.06496076366308846	0.6629286447422483	0.9738966796580971	0.5682553377898559	0.7467206615481259	0.8300534862943723
proP	0.2483432310853456	0.3199108873410904	0.09435611370654352	0.09074903355589348	0.5919522171226044	0.28140895834305174	0.28352174447921435	0.033730630854579204	0.4514475649405723	0.2616316000713155	0.19159534753981672	0.3297407378970389	0.49498193692050596	0.2528210172691964	0.16621408323035944	0.27997326444491943	0.3432295430732285	0.16409016762420242	0.3310853240076334	0.5663306458015906
betT	0.5397395433446444	0.6019665109032171	0.49238350940463044	0.4825017867027185	0.5662656617117593	0.5324080554588214	0.42323972372459046	0.4046749380738905	0.576762588958653	0.44280153595404126	0.29570808278424154	0.503152623466016	0.4511571774512423	0.49781707122376195	0.4336355614417616	0.5606077403441556	0.32804513998882934	0.5227326424105246	0.28934781621546646	0.5469186776898572
